N Insercio Bombolla Fusio
10000 0.20 0.61 0.00
10100 0.19 0.63 0.01
10200 0.21 0.64 0.00
10300 0.20 0.64 0.00
10400 0.21 0.67 0.01
10500 0.22 0.68 0.01
10600 0.22 0.69 0.01
10700 0.23 0.68 0.00
10800 0.23 0.69 0.00
10900 0.23 0.70 0.00
11000 0.23 0.72 0.01
11100 0.23 0.74 0.01
11200 0.24 0.75 0.00
11300 0.24 0.75 0.01
11400 0.25 0.77 0.01
11500 0.25 0.78 0.01
11600 0.26 0.79 0.01
11700 0.26 0.85 0.01
11800 0.26 0.83 0.01
11900 0.27 0.83 0.01
12000 0.27 0.85 0.01
12100 0.28 0.88 0.01
12200 0.27 0.88 0.01
12300 0.29 0.90 0.01
12400 0.29 0.91 0.01
12500 0.29 0.93 0.01
12600 0.30 0.97 0.01
12700 0.32 0.96 0.01
12800 0.31 0.98 0.01
12900 0.31 1.00 0.01
13000 0.32 1.04 0.01
13100 0.34 1.04 0.01
13200 0.33 1.08 0.01
13300 0.35 1.06 0.01
13400 0.34 1.11 0.01
13500 0.35 1.17 0.01
13600 0.38 1.14 0.01
13700 0.35 1.11 0.01
13800 0.37 1.19 0.01
13900 0.38 1.19 0.01
14000 0.37 1.19 0.01
14100 0.37 1.19 0.01
14200 0.37 1.21 0.01
14300 0.39 1.22 0.01
14400 0.39 1.25 0.01
14500 0.39 1.25 0.01
14600 0.40 1.28 0.01
14700 0.41 1.30 0.01
14800 0.41 1.33 0.01
14900 0.44 1.36 0.01
15000 0.44 1.35 0.01
15100 0.43 1.40 0.01
15200 0.45 1.40 0.01
15300 0.46 1.45 0.01
15400 0.45 1.44 0.01
15500 0.48 1.47 0.01
15600 0.46 1.45 0.01
15700 0.47 1.47 0.01
15800 0.47 1.49 0.01
15900 0.48 1.51 0.01
16000 0.49 1.53 0.01
16100 0.48 1.53 0.01
16200 0.50 1.57 0.01
16300 0.50 1.59 0.01
16400 0.51 1.62 0.01
16500 0.51 1.62 0.01
16600 0.51 1.65 0.01
16700 0.52 1.68 0.01
16800 0.53 1.69 0.01
16900 0.54 1.72 0.01
17000 0.54 1.73 0.01
17100 0.55 1.75 0.01
17200 0.55 1.79 0.01
17300 0.56 1.82 0.01
17400 0.57 1.81 0.01
17500 0.57 1.85 0.01
17600 0.58 1.87 0.01
17700 0.59 1.87 0.01
17800 0.60 1.89 0.01
17900 0.62 1.93 0.01
18000 0.62 1.96 0.01
18100 0.62 1.96 0.01
18200 0.63 1.97 0.01
18300 0.63 1.99 0.01
18400 0.64 2.02 0.01
18500 0.65 2.04 0.01
18600 0.65 2.06 0.01
18700 0.66 2.10 0.02
18800 0.67 2.12 0.01
18900 0.67 2.18 0.01
19000 0.68 2.18 0.01
19100 0.69 2.22 0.01
19200 0.70 2.20 0.01
19300 0.71 2.23 0.01
19400 0.71 2.27 0.01
19500 0.72 2.28 0.01
19600 0.72 2.31 0.01
19700 0.72 2.32 0.01
19800 0.74 2.36 0.01
19900 0.75 2.39 0.01
20000 0.76 2.38 0.01
20100 0.76 2.42 0.01
20200 0.78 2.44 0.01
20300 0.78 2.49 0.01
20400 0.79 2.48 0.01
20500 0.79 2.53 0.01
20600 0.80 2.54 0.01
20700 0.81 2.55 0.01
20800 0.82 2.59 0.01
20900 0.82 2.62 0.01
21000 0.83 2.63 0.01
21100 0.85 2.67 0.01
21200 0.85 2.72 0.01
21300 0.86 2.73 0.01
21400 0.87 2.74 0.01
21500 0.87 2.79 0.01
21600 0.88 2.79 0.01
21700 0.89 2.84 0.01
21800 0.90 2.84 0.01
21900 0.91 2.87 0.01
22000 0.91 2.90 0.01
22100 0.93 2.94 0.01
22200 0.92 2.94 0.01
22300 0.93 2.98 0.01
22400 0.94 2.99 0.01
22500 0.97 3.07 0.01
22600 0.97 3.09 0.01
22700 0.97 3.08 0.01
22800 0.98 3.15 0.02
22900 1.01 3.20 0.02
23000 1.02 3.19 0.01
23100 1.01 3.20 0.01
23200 1.02 3.23 0.02
23300 1.02 3.24 0.02
23400 1.04 3.26 0.01
23500 1.05 3.36 0.02
23600 1.05 3.35 0.01
23700 1.06 3.37 0.02
23800 1.07 3.43 0.01
23900 1.09 3.43 0.02
24000 1.10 3.46 0.02
24100 1.11 3.52 0.02
24200 1.11 3.52 0.02
24300 1.11 3.55 0.02
24400 1.13 3.55 0.02
24500 1.13 3.61 0.02
24600 1.15 3.66 0.02
24700 1.16 3.64 0.02
24800 1.16 3.76 0.02
24900 1.22 3.83 0.02
25000 1.22 3.87 0.02
25100 1.21 3.76 0.02
25200 1.22 3.83 0.02
25300 1.21 3.90 0.02
25400 1.23 3.86 0.02
25500 1.24 3.92 0.02
25600 1.25 3.94 0.02
25700 1.26 3.98 0.02
25800 1.27 4.04 0.02
25900 1.27 4.04 0.02
26000 1.29 4.05 0.02
26100 1.30 4.06 0.02
26200 1.31 4.14 0.02
26300 1.30 4.16 0.02
26400 1.33 4.21 0.02
26500 1.33 4.26 0.02
26600 1.35 4.22 0.02
26700 1.35 4.29 0.02
26800 1.36 4.31 0.02
26900 1.37 4.36 0.02
27000 1.39 4.41 0.02
27100 1.40 4.40 0.02
27200 1.40 4.44 0.02
27300 1.42 4.47 0.02
27400 1.45 4.58 0.02
27500 1.44 4.58 0.02
27600 1.45 4.57 0.02
27700 1.47 4.65 0.02
27800 1.47 4.63 0.02
27900 1.47 4.70 0.02
28000 1.49 4.70 0.02
28100 1.50 4.73 0.02
28200 1.50 4.76 0.02
28300 1.52 4.81 0.02
28400 1.53 4.83 0.02
28500 1.55 4.91 0.02
28600 1.55 4.94 0.02
28700 1.57 4.99 0.02
28800 1.58 4.97 0.02
28900 1.58 5.01 0.02
29000 1.61 5.06 0.02
29100 1.60 5.07 0.02
29200 1.62 5.15 0.02
29300 1.62 5.14 0.02
29400 1.64 5.23 0.02
29500 1.66 5.24 0.02
29600 1.66 5.24 0.02
29700 1.67 5.27 0.02
29800 1.67 5.29 0.02
29900 1.68 5.41 0.02
30000 1.71 5.47 0.02
30100 1.71 5.51 0.02
30200 1.73 5.46 0.02
30300 1.75 5.52 0.02
30400 1.75 5.55 0.02
30500 1.76 5.57 0.02
30600 1.79 5.64 0.02
30700 1.78 5.66 0.02
30800 1.80 5.71 0.02
30900 1.80 5.72 0.02
31000 1.81 5.79 0.02
31100 1.83 5.82 0.02
31200 1.84 5.91 0.02
31300 1.86 5.91 0.02
31400 1.87 5.93 0.02
31500 1.88 5.99 0.02
31600 1.90 6.05 0.02
31700 1.90 6.00 0.02
31800 1.93 6.08 0.02
31900 1.93 6.16 0.02
32000 1.95 6.16 0.02
32100 1.95 6.22 0.02
32200 1.96 6.29 0.02
32300 1.97 6.24 0.02
32400 2.00 6.37 0.02
32500 2.01 6.36 0.02
32600 2.03 6.36 0.02
32700 2.03 6.42 0.02
32800 2.04 6.48 0.02
32900 2.04 6.54 0.02
33000 2.07 6.50 0.02
33100 2.08 6.63 0.02
33200 2.10 6.63 0.02
33300 2.10 6.73 0.02
33400 2.10 6.68 0.02
33500 2.14 6.81 0.02
33600 2.14 6.81 0.02
33700 2.16 6.82 0.02
33800 2.16 6.83 0.02
33900 2.18 6.91 0.02
34000 2.18 6.97 0.02
34100 2.20 6.98 0.02
34200 2.20 7.06 0.02
34300 2.22 7.10 0.02
34400 2.23 7.08 0.02
34500 2.24 7.20 0.02
34600 2.24 7.14 0.02
34700 2.28 7.29 0.02
34800 2.30 7.26 0.02
34900 2.29 7.33 0.02
35000 2.29 7.36 0.02
35100 2.33 7.46 0.02
35200 2.36 7.47 0.02
35300 2.38 7.48 0.03
35400 2.37 7.55 0.03
35500 2.38 7.57 0.03
35600 2.40 7.62 0.02
35700 2.41 7.66 0.02
35800 2.41 7.71 0.03
35900 2.44 7.76 0.03
36000 2.43 7.73 0.03
36100 2.46 7.84 0.03
36200 2.47 7.91 0.03
36300 2.50 7.99 0.03
36400 2.52 7.97 0.03
36500 2.51 8.03 0.03
36600 2.53 8.08 0.03
36700 2.56 8.15 0.03
36800 2.56 8.21 0.03
36900 2.57 8.20 0.03
37000 2.57 8.20 0.03
37100 2.59 8.25 0.03
37200 2.60 8.30 0.03
37300 2.62 8.32 0.03
37400 2.64 8.47 0.03
37500 2.67 8.44 0.03
37600 2.67 8.48 0.03
37700 2.68 8.54 0.03
37800 2.70 8.64 0.03
37900 2.72 8.62 0.03
38000 2.76 8.67 0.03
38100 2.76 8.71 0.03
38200 2.77 8.79 0.03
38300 2.79 8.82 0.03
38400 2.77 8.88 0.03
38500 2.80 8.97 0.03
38600 2.81 8.91 0.03
38700 2.84 9.01 0.03
38800 2.85 9.04 0.03
38900 2.84 9.10 0.03
39000 2.86 9.15 0.03
39100 2.89 9.24 0.03
39200 2.89 9.29 0.03
39300 2.91 9.26 0.03
39400 2.94 9.41 0.03
39500 2.94 9.41 0.03
39600 2.99 9.42 0.03
39700 2.97 9.40 0.03
39800 2.99 9.48 0.03
39900 3.01 9.56 0.03
40000 3.00 9.61 0.03
40100 3.02 9.68 0.03
40200 3.05 9.73 0.03
40300 3.07 9.95 0.03
40400 3.07 9.75 0.03
40500 3.11 9.81 0.03
40600 3.12 9.97 0.03
40700 3.12 9.95 0.03
40800 3.15 10.01 0.03
40900 3.15 10.04 0.03
41000 3.17 10.15 0.03
41100 3.20 10.13 0.03
41200 3.22 10.30 0.03
41300 3.20 10.20 0.03
41400 3.24 10.28 0.03
41500 3.22 10.35 0.03
41600 3.27 10.40 0.03
41700 3.29 10.46 0.03
41800 3.29 10.50 0.03
41900 3.32 10.51 0.03
42000 3.34 10.57 0.03
42100 3.33 10.65 0.03
42200 3.35 10.75 0.03
42300 3.37 10.78 0.03
42400 3.41 10.75 0.03
42500 3.42 10.95 0.03
42600 3.42 10.83 0.03
42700 3.46 11.06 0.03
42800 3.46 10.97 0.03
42900 3.46 11.00 0.03
43000 3.51 11.04 0.03
43100 3.52 11.11 0.03
43200 3.53 11.18 0.03
43300 3.51 11.20 0.03
43400 3.57 11.37 0.03
43500 3.58 11.39 0.03
43600 3.61 11.47 0.03
43700 3.57 11.50 0.03
43800 3.64 11.48 0.03
43900 3.65 11.65 0.03
44000 3.64 11.77 0.03
44100 3.67 11.72 0.03
44200 3.67 11.79 0.03
44300 3.69 11.89 0.03
44400 3.71 11.85 0.03
44500 3.73 11.83 0.03
44600 3.75 11.97 0.03
44700 3.77 12.02 0.03
44800 3.77 12.03 0.03
44900 3.81 12.11 0.03
45000 3.82 12.21 0.03
45100 3.85 12.25 0.03
45200 3.85 12.23 0.03
45300 3.84 12.32 0.03
45400 3.89 12.32 0.03
45500 3.91 12.42 0.03
45600 3.91 12.56 0.03
45700 3.93 12.53 0.03
45800 3.97 12.59 0.03
45900 3.95 12.72 0.03
46000 4.03 12.78 0.04
46100 4.03 12.90 0.03
46200 4.04 12.79 0.03
46300 4.06 12.98 0.03
46400 4.08 13.01 0.03
46500 4.07 12.89 0.03
46600 4.09 12.99 0.03
46700 4.11 13.15 0.03
46800 4.11 13.39 0.03
46900 4.15 13.18 0.03
47000 4.17 13.30 0.03
47100 4.18 13.24 0.03
47200 4.19 13.47 0.04
47300 4.18 13.36 0.04
47400 4.23 13.57 0.04
47500 4.25 13.65 0.04
47600 4.30 13.64 0.04
47700 4.28 13.78 0.04
47800 4.27 13.79 0.04
47900 4.32 13.72 0.04
48000 4.34 13.88 0.04
48100 4.37 13.95 0.04
48200 4.37 14.05 0.04
48300 4.39 14.09 0.04
48400 4.38 14.15 0.04
48500 4.48 14.25 0.04
48600 4.43 14.22 0.04
48700 4.49 14.36 0.04
48800 4.48 14.33 0.04
48900 4.52 14.35 0.04
49000 4.55 14.50 0.04
49100 4.56 14.55 0.04
49200 4.55 14.57 0.04
49300 4.57 14.62 0.04
49400 4.59 14.71 0.04
49500 4.63 14.81 0.04
49600 4.62 14.85 0.04
49700 4.66 14.94 0.04
49800 4.66 14.89 0.04
49900 4.66 14.96 0.04
50000 4.73 15.00 0.04
50100 4.72 15.16 0.04
50200 4.76 15.22 0.04
50300 4.80 15.13 0.04
50400 4.79 15.18 0.04
50500 4.79 15.40 0.04
50600 4.82 15.48 0.04
50700 4.85 15.59 0.04
50800 4.88 15.58 0.04
50900 4.89 15.54 0.04
51000 4.88 15.53 0.04
51100 4.90 15.58 0.04
51200 4.94 15.79 0.04
51300 4.98 15.93 0.04
51400 4.98 15.95 0.04
51500 5.02 16.08 0.04
51600 5.03 16.02 0.04
51700 5.05 16.07 0.04
51800 5.06 16.16 0.04
51900 5.06 16.21 0.04
52000 5.18 16.70 0.04
52100 5.32 16.62 0.04
52200 5.13 16.40 0.04
52300 5.15 16.40 0.04
52400 5.18 16.61 0.04
52500 5.19 16.69 0.04
52600 5.21 16.74 0.04
52700 5.23 16.66 0.04
52800 5.26 16.83 0.04
52900 5.32 16.94 0.04
53000 5.32 16.96 0.04
53100 5.32 16.92 0.04
53200 5.36 17.10 0.04
53300 5.37 17.12 0.04
53400 5.36 17.24 0.04
53500 5.42 17.45 0.04
53600 5.42 17.42 0.04
53700 5.46 17.26 0.04
53800 5.42 17.39 0.04
53900 5.49 17.57 0.04
54000 5.52 17.66 0.04
54100 5.54 17.68 0.04
54200 5.54 17.66 0.04
54300 5.59 17.83 0.04
54400 5.58 17.91 0.04
54500 5.59 17.89 0.04
54600 5.64 17.98 0.04
54700 5.64 18.07 0.04
54800 5.69 18.21 0.04
54900 5.68 17.99 0.04
55000 5.71 18.11 0.04
55100 5.71 18.33 0.04
55200 5.77 18.43 0.04
55300 5.80 18.33 0.04
55400 5.76 18.51 0.04
55500 5.79 18.49 0.04
55600 5.83 18.69 0.04
55700 5.86 18.87 0.04
55800 5.86 18.80 0.04
55900 5.88 18.90 0.04
56000 5.91 18.78 0.04
56100 5.88 18.99 0.04
56200 5.93 19.06 0.04
56300 5.97 19.02 0.04
56400 5.98 19.17 0.05
56500 6.01 19.14 0.04
56600 6.09 19.43 0.04
56700 6.07 19.24 0.04
56800 6.09 19.86 0.04
56900 6.11 19.57 0.04
57000 6.08 19.56 0.04
57100 6.18 19.63 0.04
57200 6.17 19.65 0.04
57300 6.18 19.81 0.04
57400 6.23 19.76 0.05
57500 6.25 19.81 0.04
57600 6.25 20.01 0.04
57700 6.32 20.12 0.04
57800 6.35 20.14 0.05
57900 6.32 20.25 0.04
58000 6.36 20.33 0.04
58100 6.36 20.29 0.04
58200 6.35 20.26 0.04
58300 6.39 20.56 0.04
58400 6.45 20.60 0.05
58500 6.43 20.58 0.04
58600 6.48 20.59 0.04
58700 6.47 20.59 0.05
58800 6.53 20.66 0.05
58900 6.54 20.76 0.04
59000 6.57 20.92 0.05
59100 6.59 21.01 0.05
59200 6.59 21.09 0.05
59300 6.61 21.14 0.05
59400 6.66 21.33 0.05
59500 6.80 24.33 0.05
59600 6.82 21.77 0.05
59700 6.84 22.26 0.05
59800 6.90 22.04 0.05
59900 7.18 22.23 0.05
60000 7.00 22.65 0.05
60100 7.00 22.34 0.05
60200 7.13 22.51 0.06
60300 7.14 22.55 0.05
60400 7.28 22.98 0.06
60500 7.45 23.05 0.05
60600 7.41 22.96 0.05
60700 7.15 23.54 0.05
60800 7.28 23.14 0.05
60900 7.32 23.40 0.05
61000 7.34 23.95 0.05
61100 7.35 23.69 0.05
61200 7.38 23.67 0.05
61300 7.51 23.78 0.05
61400 7.40 23.77 0.05
61500 7.47 24.02 0.05
61600 7.46 23.93 0.05
61700 7.54 23.95 0.05
61800 7.50 24.25 0.05
61900 7.51 24.08 0.05
62000 7.56 24.28 0.05
62100 7.59 24.51 0.05
62200 7.70 24.65 0.05
62300 7.73 24.75 0.05
62400 7.72 24.58 0.05
62500 7.75 24.64 0.05
62600 7.71 24.69 0.05
62700 7.73 24.82 0.05
62800 7.83 25.12 0.05
62900 7.85 25.07 0.05
63000 7.84 25.33 0.05
63100 7.87 25.51 0.05
63200 8.21 25.37 0.05
63300 7.99 25.63 0.05
63400 7.94 25.47 0.05
63500 8.02 25.66 0.05
63600 7.97 25.46 0.05
63700 8.02 25.47 0.05
63800 8.04 25.85 0.06
63900 8.16 26.17 0.05
64000 8.09 26.10 0.05
64100 8.14 26.31 0.05
64200 8.10 25.92 0.05
64300 8.19 26.07 0.05
64400 8.14 26.52 0.06
64500 8.33 26.49 0.05
64600 8.33 26.82 0.05
64700 8.32 26.50 0.07
64800 8.15 26.40 0.05
64900 8.05 25.85 0.05
65000 8.12 26.23 0.05
65100 8.25 26.19 0.05
65200 8.20 26.54 0.05
65300 8.46 26.60 0.06
65400 8.42 26.99 0.05
65500 8.81 27.26 0.05
65600 8.47 27.22 0.05
65700 8.57 27.58 0.05
65800 8.51 27.46 0.06
65900 8.53 26.55 0.05
66000 8.41 27.22 0.05
66100 8.44 27.10 0.05
66200 8.43 27.11 0.05
66300 8.48 27.08 0.05
66400 8.45 27.02 0.05
66500 8.51 27.18 0.05
66600 8.61 27.07 0.05
66700 8.52 27.32 0.05
66800 8.59 27.45 0.05
66900 8.60 27.58 0.05
67000 8.63 27.65 0.05
67100 8.61 27.61 0.06
67200 8.80 27.83 0.05
67300 8.71 27.99 0.05
67400 8.66 27.89 0.05
67500 8.76 27.71 0.05
67600 8.73 28.11 0.05
67700 8.78 28.16 0.06
67800 8.77 28.23 0.06
67900 8.83 28.41 0.05
68000 8.85 28.25 0.06
68100 8.89 28.55 0.05
68200 8.95 28.40 0.05
68300 8.94 28.46 0.06
68400 9.00 28.67 0.06
68500 9.20 29.38 0.06
68600 9.33 29.26 0.06
68700 9.19 29.33 0.06
68800 9.06 29.57 0.06
68900 9.35 29.91 0.06
69000 9.15 30.13 0.06
69100 9.76 30.32 0.06
69200 9.43 29.86 0.06
69300 9.73 31.25 0.06
69400 9.30 29.64 0.06
69500 9.31 30.03 0.06
69600 9.56 31.20 0.06
69700 9.83 31.35 0.06
69800 9.71 31.06 0.06
69900 9.84 31.16 0.06
70000 9.77 31.02 0.06
70100 9.94 31.22 0.06
70200 9.80 31.26 0.06
70300 9.81 31.28 0.06
70400 9.90 31.70 0.06
70500 10.09 31.48 0.06
70600 9.89 31.70 0.06
70700 9.83 31.62 0.07
70800 9.91 31.66 0.06
70900 9.89 32.40 0.06
71000 9.98 32.02 0.06
71100 10.00 32.19 0.06
71200 10.06 31.92 0.06
71300 10.04 32.43 0.06
71400 10.10 32.49 0.06
71500 10.22 32.49 0.06
71600 10.03 33.29 0.06
71700 10.15 32.83 0.06
71800 10.12 32.68 0.06
71900 10.33 32.91 0.06
72000 10.35 33.08 0.06
72100 10.36 33.24 0.06
72200 10.39 32.88 0.06
72300 10.30 33.33 0.06
72400 10.32 33.21 0.06
72500 10.40 33.43 0.06
72600 10.34 33.49 0.06
72700 10.37 32.97 0.06
72800 10.43 33.38 0.06
72900 10.45 33.54 0.06
73000 10.43 33.46 0.06
73100 10.48 33.98 0.06
73200 10.61 34.28 0.06
73300 10.90 33.95 0.06
73400 10.61 34.26 0.06
73500 10.60 34.31 0.06
73600 10.75 34.10 0.06
73700 10.71 34.45 0.06
73800 10.79 34.61 0.06
73900 10.80 34.56 0.06
74000 10.90 34.46 0.06
74100 10.93 34.81 0.06
74200 10.89 34.80 0.06
74300 10.84 34.95 0.06
74400 10.94 34.86 0.06
74500 10.98 35.11 0.06
74600 10.90 34.97 0.06
74700 11.03 34.89 0.06
74800 11.02 35.10 0.06
74900 10.92 35.70 0.06
75000 11.12 35.35 0.06
75100 11.09 35.52 0.06
75200 11.18 35.84 0.06
75300 11.13 35.72 0.06
75400 11.27 36.05 0.06
75500 11.24 36.13 0.07
75600 11.30 36.39 0.06
75700 11.36 36.48 0.06
75800 11.43 36.29 0.06
75900 11.30 36.65 0.06
76000 11.66 36.51 0.06
76100 11.30 36.48 0.07
76200 11.39 36.90 0.06
76300 11.45 36.82 0.06
76400 11.51 36.81 0.06
76500 11.57 37.15 0.06
76600 11.43 36.80 0.06
76700 11.55 37.02 0.06
76800 11.74 37.23 0.06
76900 12.04 37.63 0.08
77000 11.66 37.45 0.06
77100 11.81 37.68 0.06
77200 11.72 37.23 0.06
77300 11.84 37.93 0.06
77400 11.79 38.18 0.06
77500 11.95 37.97 0.06
77600 11.95 37.80 0.07
77700 11.91 38.23 0.07
77800 11.99 38.95 0.06
77900 12.07 39.08 0.07
78000 11.92 38.10 0.06
78100 12.03 38.37 0.07
78200 12.01 38.67 0.07
78300 12.13 38.81 0.06
78400 12.11 38.81 0.07
78500 12.33 38.82 0.07
78600 12.06 38.85 0.06
78700 12.10 38.65 0.06
78800 12.13 39.00 0.07
78900 12.17 39.10 0.07
79000 12.29 39.57 0.07
79100 12.49 40.09 0.06
79200 12.03 38.75 0.06
79300 11.93 38.55 0.06
79400 12.27 39.04 0.06
79500 12.24 39.32 0.07
79600 12.07 39.28 0.06
79700 12.10 39.43 0.07
79800 12.37 39.39 0.07
79900 12.29 39.97 0.06
80000 12.36 39.11 0.06
80100 12.21 39.76 0.07
80200 12.35 39.02 0.07
80300 12.30 39.54 0.07
80400 12.32 39.42 0.06
80500 12.25 39.37 0.07
80600 12.45 39.45 0.07
80700 12.40 41.01 0.07
80800 12.53 40.25 0.07
80900 12.73 40.40 0.07
81000 12.78 41.24 0.07
81100 12.55 39.98 0.07
81200 12.55 40.04 0.07
81300 12.54 40.29 0.07
81400 12.59 40.21 0.07
81500 12.59 40.51 0.07
81600 12.63 40.61 0.07
81700 12.68 40.38 0.07
81800 12.78 40.85 0.07
81900 12.76 40.90 0.07
82000 12.78 41.17 0.07
82100 12.78 41.25 0.06
82200 12.88 41.29 0.07
82300 12.88 41.16 0.07
82400 12.96 41.39 0.07
82500 13.16 42.58 0.07
82600 13.10 42.06 0.07
82700 13.15 42.89 0.07
82800 13.86 44.41 0.08
82900 14.97 48.57 0.08
83000 15.19 48.37 0.08
83100 15.14 48.88 0.08
83200 15.26 49.02 0.08
83300 15.09 49.24 0.09
83400 15.30 49.08 0.08
83500 15.44 48.75 0.08
83600 15.19 48.82 0.08
83700 15.28 49.70 0.08
83800 15.56 50.64 0.09
83900 15.95 51.97 0.09
84000 16.47 51.61 0.08
84100 15.69 49.94 0.08
84200 15.64 51.82 0.08
84300 15.77 50.72 0.08
84400 15.68 51.08 0.08
84500 15.77 50.88 0.08
84600 15.59 50.47 0.08
84700 15.55 51.76 0.08
84800 15.92 50.70 0.08
84900 16.04 50.15 0.07
85000 14.19 45.59 0.07
85100 14.29 45.50 0.07
85200 14.30 45.79 0.07
85300 14.28 46.19 0.07
85400 15.64 48.49 0.08
85500 14.64 47.09 0.07
85600 14.86 46.56 0.07
85700 14.17 45.70 0.07
85800 14.18 45.75 0.07
85900 14.12 45.41 0.07
86000 14.45 45.92 0.07
86100 14.20 45.92 0.07
86200 14.28 46.08 0.07
86300 14.56 47.18 0.07
86400 14.48 45.71 0.07
86500 14.28 45.84 0.07
86600 14.31 46.06 0.07
86700 14.39 45.88 0.07
86800 14.46 46.18 0.07
86900 14.45 46.37 0.07
87000 14.87 46.86 0.07
87100 15.05 48.51 0.07
87200 14.57 47.30 0.07
87300 14.96 47.85 0.07
87400 15.01 48.11 0.08
87500 14.72 47.33 0.07
87600 14.98 47.71 0.08
87700 15.07 48.39 0.07
87800 14.95 48.74 0.08
87900 15.44 48.91 0.07
88000 15.22 47.95 0.07
88100 15.09 49.56 0.08
88200 15.48 49.65 0.08
88300 16.28 60.56 0.09
88400 18.70 59.63 0.09
88500 18.68 60.20 0.09
88600 18.78 58.13 0.07
88700 15.13 47.86 0.07
88800 15.32 48.18 0.07
88900 15.02 48.24 0.07
89000 15.01 47.97 0.07
89100 15.11 48.40 0.07
89200 15.16 48.37 0.07
89300 15.23 48.64 0.07
89400 15.21 48.92 0.07
89500 15.20 48.77 0.07
89600 15.27 48.88 0.07
89700 15.20 49.14 0.07
89800 15.23 48.79 0.07
89900 15.32 49.21 0.07
90000 15.32 48.95 0.07
90100 15.45 49.24 0.07
90200 15.36 49.31 0.07
90300 15.37 49.50 0.07
90400 15.48 49.65 0.07
90500 15.51 49.82 0.07
90600 15.52 50.02 0.07
90700 15.59 49.90 0.07
90800 15.62 50.18 0.07
90900 15.75 50.52 0.07
91000 15.76 50.52 0.07
91100 15.81 50.63 0.08
91200 15.84 50.37 0.08
91300 15.79 50.69 0.07
91400 15.84 50.99 0.08
91500 15.80 51.00 0.08
