10000 0.20
0.63
0.01
11111 0.24
0.76
0.01
10400 0.22
0.67
0.01
10500 0.22
0.68
0.01
11000 0.24
0.75
0.01
12000 0.28
0.89
0.01
15000 0.44
1.44
0.01
18000 0.64
2.04
0.02
20000 0.79
2.56
0.02
22222 1.01
3.15
0.02
25000 1.26
3.94
0.02
30000 1.76
5.73
0.02
33333 2.17
7.12
0.03
34000 2.24
7.42
0.03
35000 2.38
7.70
0.03
36000 2.53
8.32
0.03
36500 2.61
8.55
0.03
38000 2.82
9.25
0.03
52000 5.28
17.24
0.04
37000 2.69
8.81
0.03
40000 3.12
10.15
0.03
85000 13.98
45.99
0.07
75000 11.29
36.78
0.10
44444 3.85
12.78
0.04
41000 3.29
10.86
0.03
48000 4.50
14.61
1.48
45000 4.01
12.87
0.04
50000 4.92
15.90
0.04
53000 5.49
17.78
0.06
51000 5.17
16.93
0.06
52000 5.28
17.96
0.05
55000 5.92
19.63
0.05
60000 7.05
23.34
0.05
66666 8.67
20.87
